1;-11.4176152852;-20.931518775764871520550514105707;
1;-10.7709881202;-20.204470043529244804858535644598;
1;-10.3815233535;-19.831265797639300529908723547123;
1;-10.1019384913;-19.571426787039005290580462315120;
1;-9.8836849252;-19.360238102763876355538741336204;
1;-9.7046366938;-19.203313091011846580613564583473;
1;-9.5528306809;-19.051790533590857279477859265171;
1;-9.4210614033;-18.923536198067179014969951822422;
1;-9.3046510514;-18.813425079650755833426956087351;
1;-9.2003900411;-18.706229755393191993562140851282;
1;-9.1059803567;-18.696695784871643297719856491312;
1;-9.0197200124;-18.696695784871643297719856491312;
1;-8.9403132348;-18.696695784871643297719856491312;
1;-8.8667506676;-18.696695784871643297719856491312;
1;-8.7982307211;-18.696695784871643297719856491312;
1;-8.7341061930;-18.696695784871643297719856491312;
1;-8.6738470015;-18.696695784871643297719856491312;
1;-8.6170135267;-18.696695784871643297719856491312;
1;-8.5632371299;-18.696695784871643297719856491312;
1;-8.5122056499;-18.696695784871643297719856491312;
1;-8.4636524245;-18.696695784871643297719856491312;
1;-8.4173478564;-18.696695784871643297719856491312;
1;-8.3730928474;-18.696695784871643297719856491312;
1;-8.3307136245;-18.696695784871643297719856491312;
1;-8.2900576188;-18.696695784871643297719856491312;
1;-8.2509901506;-18.632387917638912000484197051264;
1;-8.2133917371;-18.537662099436182927547633880749;
1;-8.1771558886;-18.457342728321957991965973633341;
1;-8.1421872908;-18.379152997121867230134739656933;
1;-8.1084002932;-18.310569521270334547580205253325;
1;-8.0757176458;-18.280916801575205710150839877315;
1;-8.0440694348;-18.280916801575205710150839877315;
1;-8.0133921826;-18.280916801575205710150839877315;
1;-7.9836280807;-18.280916801575205710150839877315;
1;-7.9547243345;-18.280916801575205710150839877315;
1;-7.9266325996;-18.244375259481973472475146991201;
1;-7.8993084954;-18.182607172051920230160249047913;
1;-7.8727111828;-18.122947335645584132635121932253;
1;-7.8468029980;-18.071149268172504775975539814681;
1;-7.8215491307;-18.017883864398079651891748653725;
1;-7.7969173435;-17.986302292347779996362078236416;
1;-7.7728777243;-17.986302292347779996362078236416;
1;-7.7494024679;-17.986302292347779996362078236416;
1;-7.7264656825;-17.986302292347779996362078236416;
1;-7.7040432185;-17.986302292347779996362078236416;
1;-7.6821125150;-17.986302292347779996362078236416;
1;-7.6606524639;-17.986302292347779996362078236416;
1;-7.6396432879;-17.986302292347779996362078236416;
1;-7.6190664302;-17.986302292347779996362078236416;
1;-7.5989044569;-17.986302292347779996362078236416;
1;-7.5791409678;-17.973687889013703511409403290600;
1;-7.5597605162;-17.927935627735141821403885842301;
1;-7.5407485367;-17.882549285657027837714849738404;
1;-7.5220912791;-17.838239685374841059228856465779;
1;-7.5037757488;-17.794526432214698985490031191148;
1;-7.4857896524;-17.762744319146165139500226359814;
1;-7.4681213483;-17.762744319146165139500226359814;
1;-7.4507598011;-17.762744319146165139500226359814;
1;-7.4336945406;-17.762744319146165139500226359814;
1;-7.4169156234;-17.762744319146165139500226359814;
1;-7.4004135988;-17.758196977701306451535856467672;
1;-7.3841794760;-17.720555949653995497783398604952;
1;-7.3682046954;-17.682749420618527835813438287005;
1;-7.3524811010;-17.646689175546320882403961149976;
1;-7.3370009158;-17.611884139864457665680674836040;
1;-7.3217567181;-17.582046896648439116006557014771;
1;-7.3067414210;-17.582046896648439116006557014771;
1;-7.2919482518;-17.582046896648439116006557014771;
1;-7.2773707342;-17.582046896648439116006557014771;
1;-7.2630026709;-17.582046896648439116006557014771;
1;-7.2488381282;-17.582046896648439116006557014771;
1;-7.2348714207;-17.582046896648439116006557014771;
1;-7.2210970982;-17.582046896648439116006557014771;
1;-7.2075099327;-17.582046896648439116006557014771;
1;-7.1941049062;-17.582046896648439116006557014771;
1;-7.1808772001;-17.582046896648439116006557014771;
1;-7.1678221844;-17.582046896648439116006557014771;
1;-7.1549354081;-17.582046896648439116006557014771;
1;-7.1422125902;-17.582046896648439116006557014771;
1;-7.1296496109;-17.582046896648439116006557014771;
1;-7.1172425038;-17.582046896648439116006557014771;
1;-7.1049874485;-17.555092006450916386484095710330;
1;-7.0928807631;-17.522307613379162205546890618280;
1;-7.0809188980;-17.491511274262531827616840018891;
1;-7.0690984294;-17.463015768970478802657453343272;
1;-7.0574160535;-17.433519567243770609366038115695;
1;-7.0458685811;-17.425650771538826688811241183430;
1;-7.0344529320;-17.425650771538826688811241183430;
1;-7.0231661305;-17.425650771538826688811241183430;
1;-7.0120053004;-17.425650771538826688811241183430;
1;-7.0009676607;-17.425650771538826688811241183430;
1;-6.9900505217;-17.407188708699091961307203746401;
1;-6.9792512807;-17.378566262521740526381108793430;
1;-6.9685674184;-17.349506171041038982139070867561;
1;-6.9579964954;-17.323934866342284522033878602087;
1;-6.9475361490;-17.297699098833962949584019952454;
1;-6.9371840897;-17.287085486387010035969069576822;
1;-6.9269380984;-17.287085486387010035969069576822;
1;-6.9167960236;-17.287085486387010035969069576822;
1;-6.9067557786;-17.287085486387010035969069576822;
1;-6.8968153389;-17.287085486387010035969069576822;
1;-6.8869727398;-17.287085486387010035969069576822;
1;-6.8772260739;-17.287085486387010035969069576822;
1;-6.8675734893;-17.287085486387010035969069576822;
1;-6.8580131871;-17.287085486387010035969069576822;
1;-6.8485434194;-17.287085486387010035969069576822;
1;-6.8391624875;-17.287085486387010035969069576822;
1;-6.8298687403;-17.287085486387010035969069576822;
1;-6.8206605721;-17.287085486387010035969069576822;
1;-6.8115364212;-17.287085486387010035969069576822;
1;-6.8024947683;-17.287085486387010035969069576822;
1;-6.7935341349;-17.287085486387010035969069576822;
1;-6.7846530818;-17.287085486387010035969069576822;
1;-6.7758502081;-17.287085486387010035969069576822;
1;-6.7671241492;-17.287085486387010035969069576822;
1;-6.7584735763;-17.287085486387010035969069576822;
1;-6.7498971944;-17.287085486387010035969069576822;
1;-6.7413937418;-17.287085486387010035969069576822;
1;-6.7329619886;-17.287085486387010035969069576822;
1;-6.7246007359;-17.287085486387010035969069576822;
1;-6.7163088144;-17.287085486387010035969069576822;
1;-6.7080850839;-17.287085486387010035969069576822;
1;-6.6999284318;-17.287085486387010035969069576822;
1;-6.6918377728;-17.287085486387010035969069576822;
1;-6.6838120475;-17.287085486387010035969069576822;
1;-6.6758502220;-17.287085486387010035969069576822;
1;-6.6679512868;-17.287085486387010035969069576822;
1;-6.6601142561;-17.287085486387010035969069576822;
1;-6.6523381671;-17.287085486387010035969069576822;
1;-6.6446220795;-17.287085486387010035969069576822;
1;-6.6369650742;-17.287085486387010035969069576822;
1;-6.6293662534;-17.287085486387010035969069576822;
1;-6.6218247396;-17.287085486387010035969069576822;
1;-6.6143396747;-17.287085486387010035969069576822;
1;-6.6069102200;-17.287085486387010035969069576822;
1;-6.5995355553;-17.287085486387010035969069576822;
1;-6.5922148784;-17.287085486387010035969069576822;
1;-6.5849474046;-17.287085486387010035969069576822;
1;-6.5777323660;-17.287085486387010035969069576822;
1;-6.5705690116;-17.287085486387010035969069576822;
1;-6.5634566061;-17.287085486387010035969069576822;
1;-6.5563944299;-17.287085486387010035969069576822;
1;-6.5493817784;-17.287085486387010035969069576822;
1;-6.5424179620;-17.287085486387010035969069576822;
1;-6.5355023051;-17.287085486387010035969069576822;
1;-6.5286341462;-17.287085486387010035969069576822;
1;-6.5218128374;-17.287085486387010035969069576822;
1;-6.5150377437;-17.287085486387010035969069576822;
1;-6.5083082432;-17.287085486387010035969069576822;
1;-6.5016237263;-17.287085486387010035969069576822;
1;-6.4949835957;-17.287085486387010035969069576822;
1;-6.4883872657;-17.287085486387010035969069576822;
1;-6.4818341623;-17.287085486387010035969069576822;
1;-6.4753237226;-17.287085486387010035969069576822;
1;-6.4688553948;-17.287085486387010035969069576822;
1;-6.4624286374;-17.287085486387010035969069576822;
1;-6.4560429197;-17.287085486387010035969069576822;
1;-6.4496977208;-17.287085486387010035969069576822;
1;-6.4433925296;-17.287085486387010035969069576822;
1;-6.4371268450;-17.287085486387010035969069576822;
1;-6.4309001748;-17.287085486387010035969069576822;
1;-6.4247120362;-17.287085486387010035969069576822;
1;-6.4185619553;-17.287085486387010035969069576822;
1;-6.4124494669;-17.287085486387010035969069576822;
1;-6.4063741140;-17.287085486387010035969069576822;
1;-6.4003354484;-17.287085486387010035969069576822;
1;-6.3943330294;-17.287085486387010035969069576822;
1;-6.3883664246;-17.287085486387010035969069576822;
1;-6.3824352091;-17.287085486387010035969069576822;
1;-6.3765389656;-17.287085486387010035969069576822;
1;-6.3706772841;-17.287085486387010035969069576822;
1;-6.3648497618;-17.287085486387010035969069576822;
1;-6.3590560028;-17.287085486387010035969069576822;
1;-6.3532956182;-17.287085486387010035969069576822;
1;-6.3475682257;-17.287085486387010035969069576822;
1;-6.3418734495;-17.287085486387010035969069576822;
1;-6.3362109202;-17.287085486387010035969069576822;
1;-6.3305802747;-17.287085486387010035969069576822;
1;-6.3249811559;-17.287085486387010035969069576822;
1;-6.3194132128;-17.287085486387010035969069576822;
1;-6.3138761001;-17.287085486387010035969069576822;
1;-6.3083694782;-17.287085486387010035969069576822;
1;-6.3028930133;-17.287085486387010035969069576822;
1;-6.2974463767;-17.287085486387010035969069576822;
1;-6.2920292454;-17.287085486387010035969069576822;
1;-6.2866413013;-17.287085486387010035969069576822;
1;-6.2812822317;-17.287085486387010035969069576822;
1;-6.2759517287;-17.287085486387010035969069576822;
1;-6.2706494893;-17.287085486387010035969069576822;
1;-6.2653752155;-17.287085486387010035969069576822;
1;-6.2601286137;-17.287085486387010035969069576822;
1;-6.2549093952;-17.287085486387010035969069576822;
1;-6.2497172755;-17.287085486387010035969069576822;
1;-6.2445519748;-17.287085486387010035969069576822;
1;-6.2394132173;-17.287085486387010035969069576822;
1;-6.2343007318;-17.287085486387010035969069576822;
1;-6.2292142508;-17.287085486387010035969069576822;
1;-6.2241535113;-17.287085486387010035969069576822;
1;-6.2191182539;-17.287085486387010035969069576822;
1;-6.2141082234;-17.287085486387010035969069576822;
2;-11.4176152852;-inf;
2;-10.7709881202;-26.244720754798656514594767941162;
2;-10.3815233535;-26.244720754798656514594767941162;
2;-10.1019384913;-25.551573574238712893702540895902;
2;-9.8836849252;-24.858426393678765720096635050140;
2;-9.7046366938;-24.858426393678765720096635050140;
2;-9.5528306809;-24.858426393678765720096635050140;
2;-9.4210614033;-24.452961285570602001371298683807;
2;-9.3046510514;-24.165279213118822099204408004880;
2;-9.2003900411;-24.047496177462438282645962317474;
2;-9.1059803567;-24.047496177462438282645962317474;
2;-9.0197200124;-24.047496177462438282645962317474;
2;-8.9403132348;-24.047496177462438282645962317474;
2;-8.8667506676;-23.942135661804613278036413248628;
2;-8.7982307211;-23.846825482000287621531242621131;
2;-8.7341061930;-23.846825482000287621531242621131;
2;-8.6738470015;-23.846825482000287621531242621131;
2;-8.6170135267;-23.846825482000287621531242621131;
2;-8.5632371299;-23.846825482000287621531242621131;
2;-8.5122056499;-23.846825482000287621531242621131;
2;-8.4636524245;-23.846825482000287621531242621131;
2;-8.4173478564;-23.846825482000287621531242621131;
2;-8.3730928474;-23.846825482000287621531242621131;
2;-8.3307136245;-23.846825482000287621531242621131;
2;-8.2900576188;-23.846825482000287621531242621131;
2;-8.2509901506;-23.846825482000287621531242621131;
2;-8.2133917371;-23.846825482000287621531242621131;
2;-8.1771558886;-23.846825482000287621531242621131;
2;-8.1421872908;-23.846825482000287621531242621131;
2;-8.1084002932;-23.846825482000287621531242621131;
2;-8.0757176458;-23.759814105010658380479071638547;
2;-8.0440694348;-23.759814105010658380479071638547;
2;-8.0133921826;-23.759814105010658380479071638547;
2;-7.9836280807;-23.605663425183397663431605906226;
2;-7.9547243345;-23.354348996902491109040056471713;
2;-7.9266325996;-23.248988481244666104430507402867;
2;-7.8993084954;-23.200198317075233944706269539893;
2;-7.8727111828;-23.153678301440340447925336775370;
2;-7.8468029980;-23.153678301440340447925336775370;
2;-7.8215491307;-23.153678301440340447925336775370;
2;-7.7969173435;-23.153678301440340447925336775370;
2;-7.7728777243;-23.109226538869506839546374976635;
2;-7.7494024679;-23.109226538869506839546374976635;
2;-7.7264656825;-23.066666924450711206873165792786;
2;-7.7040432185;-23.025844929930457283262512646616;
2;-7.6821125150;-22.986624216777176599180165794678;
2;-7.6606524639;-22.986624216777176599180165794678;
2;-7.6396432879;-22.986624216777176599180165794678;
2;-7.6190664302;-22.986624216777176599180165794678;
2;-7.5989044569;-22.986624216777176599180165794678;
2;-7.5791409678;-22.843523373136502385705171036534;
2;-7.5597605162;-22.843523373136502385705171036534;
2;-7.5407485367;-22.843523373136502385705171036534;
2;-7.5220912791;-22.778984851998931304706275113858;
2;-7.5037757488;-22.778984851998931304706275113858;
2;-7.4857896524;-22.778984851998931304706275113858;
2;-7.4681213483;-22.718360230182497616624459624290;
2;-7.4507598011;-22.718360230182497616624459624290;
2;-7.4336945406;-22.718360230182497616624459624290;
2;-7.4169156234;-22.718360230182497616624459624290;
2;-7.4004135988;-22.718360230182497616624459624290;
2;-7.3841794760;-22.661201816342547488147829426453;
2;-7.3682046954;-22.661201816342547488147829426453;
2;-7.3524811010;-22.661201816342547488147829426453;
2;-7.3370009158;-22.661201816342547488147829426453;
2;-7.3217567181;-22.661201816342547488147829426453;
2;-7.3067414210;-22.633802842154434387111905380152;
2;-7.2919482518;-22.607134595072270855098395259120;
2;-7.2773707342;-22.607134595072270855098395259120;
2;-7.2630026709;-22.581159108669012880454829428345;
2;-7.2488381282;-22.531148688094351228983214241453;
2;-7.2348714207;-22.507051136515290323814042494632;
2;-7.2210970982;-22.460531120880396827033109730110;
2;-7.2075099327;-22.438058265028338666979834670201;
2;-7.1941049062;-22.438058265028338666979834670201;
2;-7.1808772001;-22.438058265028338666979834670201;
2;-7.1678221844;-22.416079358309563218654147931375;
2;-7.1549354081;-22.416079358309563218654147931375;
2;-7.1422125902;-22.416079358309563218654147931375;
2;-7.1296496109;-22.373519743890767585980938747525;
2;-7.1172425038;-22.352900456688029606766576762311;
2;-7.1049874485;-22.352900456688029606766576762311;
2;-7.0928807631;-22.312895122074330345185444457456;
2;-7.0809188980;-22.312895122074330345185444457456;
2;-7.0690984294;-22.255736708234383769422493060119;
2;-7.0574160535;-22.237387569566188005865114973858;
2;-7.0458685811;-22.219369064063506868933473015204;
2;-7.0344529320;-22.201669486964107136373058892787;
2;-7.0231661305;-22.167183310892937697644811123610;
2;-7.0120053004;-22.167183310892937697644811123610;
2;-7.0009676607;-22.150376192576555212099265190773;
2;-6.9900505217;-22.133846890625346048864230397157;
2;-6.9792512807;-22.117586369753567510088032577187;
2;-6.9685674184;-22.070333484903020604406265192665;
2;-6.9579964954;-22.040028135407691678437913651578;
2;-6.9475361490;-22.025213049622550443018553778529;
2;-6.9371840897;-22.010614250201399499928811565042;
2;-6.9269380984;-21.954261313650267339880883810110;
2;-6.9167960236;-21.940655661594487213505999534391;
2;-6.9067557786;-21.927232641262346390931270434521;
2;-6.8968153389;-21.913987414512327234206168213859;
2;-6.8869727398;-21.900915332944972391260307631455;
2;-6.8772260739;-21.862694120124775309932374511845;
2;-6.8675734893;-21.862694120124775309932374511845;
2;-6.8580131871;-21.850271600126220050697156693786;
2;-6.8485434194;-21.850271600126220050697156693786;
2;-6.8391624875;-21.850271600126220050697156693786;
2;-6.8298687403;-21.850271600126220050697156693786;
2;-6.8206605721;-21.813903955955343150208136648871;
2;-6.8115364212;-21.813903955955343150208136648871;
2;-6.8024947683;-21.778812636144074588173680240288;
2;-6.7935341349;-21.767383940320449653427203884348;
2;-6.7846530818;-21.767383940320449653427203884348;
2;-6.7758502081;-21.756084385066518649409772478975;
2;-6.7671241492;-21.756084385066518649409772478975;
2;-6.7584735763;-21.756084385066518649409772478975;
2;-6.7498971944;-21.733861248281808542515136650763;
2;-6.7413937418;-21.733861248281808542515136650763;
2;-6.7329619886;-21.733861248281808542515136650763;
2;-6.7246007359;-21.733861248281808542515136650763;
2;-6.7163088144;-21.733861248281808542515136650763;
2;-6.7080850839;-21.733861248281808542515136650763;
2;-6.6999284318;-21.712121261645400238649017410353;
2;-6.6918377728;-21.712121261645400238649017410353;
2;-6.6838120475;-21.712121261645400238649017410353;
2;-6.6758502220;-21.712121261645400238649017410353;
2;-6.6679512868;-21.712121261645400238649017410353;
2;-6.6601142561;-21.712121261645400238649017410353;
2;-6.6523381671;-21.712121261645400238649017410353;
2;-6.6446220795;-21.639550568810566488764379755594;
2;-6.6369650742;-21.639550568810566488764379755594;
2;-6.6293662534;-21.639550568810566488764379755594;
2;-6.6218247396;-21.639550568810566488764379755594;
2;-6.6143396747;-21.639550568810566488764379755594;
2;-6.6069102200;-21.639550568810566488764379755594;
2;-6.5995355553;-21.639550568810566488764379755594;
2;-6.5922148784;-21.619747941514386724293217412196;
2;-6.5849474046;-21.619747941514386724293217412196;
2;-6.5777323660;-21.619747941514386724293217412196;
2;-6.5705690116;-21.619747941514386724293217412196;
2;-6.5634566061;-21.619747941514386724293217412196;
2;-6.5563944299;-21.619747941514386724293217412196;
2;-6.5493817784;-21.619747941514386724293217412196;
2;-6.5424179620;-21.619747941514386724293217412196;
2;-6.5355023051;-21.619747941514386724293217412196;
2;-6.5286341462;-21.619747941514386724293217412196;
2;-6.5218128374;-21.619747941514386724293217412196;
2;-6.5150377437;-21.619747941514386724293217412196;
2;-6.5083082432;-21.619747941514386724293217412196;
2;-6.5016237263;-21.619747941514386724293217412196;
2;-6.4949835957;-21.619747941514386724293217412196;
2;-6.4883872657;-21.619747941514386724293217412196;
2;-6.4818341623;-21.619747941514386724293217412196;
2;-6.4753237226;-21.619747941514386724293217412196;
2;-6.4688553948;-21.619747941514386724293217412196;
2;-6.4624286374;-21.619747941514386724293217412196;
2;-6.4560429197;-21.619747941514386724293217412196;
2;-6.4496977208;-21.619747941514386724293217412196;
2;-6.4433925296;-21.619747941514386724293217412196;
2;-6.4371268450;-21.619747941514386724293217412196;
2;-6.4309001748;-21.619747941514386724293217412196;
2;-6.4247120362;-21.619747941514386724293217412196;
2;-6.4185619553;-21.619747941514386724293217412196;
2;-6.4124494669;-21.619747941514386724293217412196;
2;-6.4063741140;-21.619747941514386724293217412196;
2;-6.4003354484;-21.619747941514386724293217412196;
2;-6.3943330294;-21.619747941514386724293217412196;
2;-6.3883664246;-21.619747941514386724293217412196;
2;-6.3824352091;-21.619747941514386724293217412196;
2;-6.3765389656;-21.619747941514386724293217412196;
2;-6.3706772841;-21.619747941514386724293217412196;
2;-6.3648497618;-21.619747941514386724293217412196;
2;-6.3590560028;-21.619747941514386724293217412196;
2;-6.3532956182;-21.609991766569020654742416809313;
2;-6.3475682257;-21.600329855657285804682032903656;
2;-6.3418734495;-21.590760404641134329040141892619;
2;-6.3362109202;-21.571891920336749848274848773144;
2;-6.3305802747;-21.562589527674436595816587214358;
2;-6.3249811559;-21.562589527674436595816587214358;
2;-6.3194132128;-21.562589527674436595816587214358;
2;-6.3138761001;-21.553372872569514839824478258379;
2;-6.3083694782;-21.553372872569514839824478258379;
2;-6.3028930133;-21.553372872569514839824478258379;
2;-6.2974463767;-21.544240389006240832259209128097;
2;-6.2920292454;-21.508522306404163515480831847526;
2;-6.2866413013;-21.499788626435407223880247329362;
2;-6.2812822317;-21.474036130332994076752584078349;
2;-6.2759517287;-21.465597261687129559959430480376;
2;-6.2706494893;-21.457229012016611591207038145512;
2;-6.2653752155;-21.448930209201915175754038500600;
2;-6.2601286137;-21.432536399426240336651972029358;
2;-6.2549093952;-21.432536399426240336651972029358;
2;-6.2497172755;-21.424439189193620336482126731426;
2;-6.2445519748;-21.416407017496357667596384999342;
2;-6.2394132173;-21.400533668340067094959522364661;
2;-6.2343007318;-21.392690490879040510208142222837;
2;-6.2292142508;-21.392690490879040510208142222837;
2;-6.2241535113;-21.377186304343073430800359346904;
2;-6.2191182539;-21.377186304343073430800359346904;
2;-6.2141082234;-21.377186304343073430800359346904;
3;-11.4176152852;-inf;
3;-10.7709881202;-inf;
3;-10.3815233535;-inf;
3;-10.1019384913;-inf;
3;-9.8836849252;-inf;
3;-9.7046366938;-inf;
3;-9.5528306809;-inf;
3;-9.4210614033;-inf;
3;-9.3046510514;-inf;
3;-9.2003900411;-inf;
3;-9.1059803567;-inf;
3;-9.0197200124;-inf;
3;-8.9403132348;-inf;
3;-8.8667506676;-inf;
3;-8.7982307211;-inf;
3;-8.7341061930;-inf;
3;-8.6738470015;-inf;
3;-8.6170135267;-inf;
3;-8.5632371299;-inf;
3;-8.5122056499;-inf;
3;-8.4636524245;-inf;
3;-8.4173478564;-inf;
3;-8.3730928474;-inf;
3;-8.3307136245;-inf;
3;-8.2900576188;-inf;
3;-8.2509901506;-inf;
3;-8.2133917371;-inf;
3;-8.1771558886;-inf;
3;-8.1421872908;-inf;
3;-8.1084002932;-inf;
3;-8.0757176458;-inf;
3;-8.0440694348;-inf;
3;-8.0133921826;-inf;
3;-7.9836280807;-26.244716754782658085787261370569;
3;-7.9547243345;-26.244716754782658085787261370569;
3;-7.9266325996;-26.244716754782658085787261370569;
3;-7.8993084954;-26.244716754782658085787261370569;
3;-7.8727111828;-26.244716754782658085787261370569;
3;-7.8468029980;-26.244716754782658085787261370569;
3;-7.8215491307;-26.244716754782658085787261370569;
3;-7.7969173435;-26.244716754782658085787261370569;
3;-7.7728777243;-26.244716754782658085787261370569;
3;-7.7494024679;-26.244716754782658085787261370569;
3;-7.7264656825;-26.244716754782658085787261370569;
3;-7.7040432185;-26.244716754782658085787261370569;
3;-7.6821125150;-26.244716754782658085787261370569;
3;-7.6606524639;-26.244716754782658085787261370569;
3;-7.6396432879;-26.244716754782658085787261370569;
3;-7.6190664302;-26.244716754782658085787261370569;
3;-7.5989044569;-26.244716754782658085787261370569;
3;-7.5791409678;-26.244716754782658085787261370569;
3;-7.5597605162;-26.244716754782658085787261370569;
3;-7.5407485367;-26.244716754782658085787261370569;
3;-7.5220912791;-26.244716754782658085787261370569;
3;-7.5037757488;-26.244716754782658085787261370569;
3;-7.4857896524;-26.244716754782658085787261370569;
3;-7.4681213483;-26.244716754782658085787261370569;
3;-7.4507598011;-26.244716754782658085787261370569;
3;-7.4336945406;-26.244716754782658085787261370569;
3;-7.4169156234;-26.244716754782658085787261370569;
3;-7.4004135988;-26.244716754782658085787261370569;
3;-7.3841794760;-26.244716754782658085787261370569;
3;-7.3682046954;-26.244716754782658085787261370569;
3;-7.3524811010;-26.244716754782658085787261370569;
3;-7.3370009158;-26.244716754782658085787261370569;
3;-7.3217567181;-26.244716754782658085787261370569;
3;-7.3067414210;-26.244716754782658085787261370569;
3;-7.2919482518;-26.244716754782658085787261370569;
3;-7.2773707342;-26.244716754782658085787261370569;
3;-7.2630026709;-26.244716754782658085787261370569;
3;-7.2488381282;-26.244716754782658085787261370569;
3;-7.2348714207;-26.244716754782658085787261370569;
3;-7.2210970982;-26.244716754782658085787261370569;
3;-7.2075099327;-26.244716754782658085787261370569;
3;-7.1941049062;-26.244716754782658085787261370569;
3;-7.1808772001;-26.244716754782658085787261370569;
3;-7.1678221844;-26.244716754782658085787261370569;
3;-7.1549354081;-26.244716754782658085787261370569;
3;-7.1422125902;-26.244716754782658085787261370569;
3;-7.1296496109;-26.244716754782658085787261370569;
3;-7.1172425038;-26.244716754782658085787261370569;
3;-7.1049874485;-26.244716754782658085787261370569;
3;-7.0928807631;-26.244716754782658085787261370569;
3;-7.0809188980;-26.244716754782658085787261370569;
3;-7.0690984294;-26.244716754782658085787261370569;
3;-7.0574160535;-26.244716754782658085787261370569;
3;-7.0458685811;-26.244716754782658085787261370569;
3;-7.0344529320;-26.244716754782658085787261370569;
3;-7.0231661305;-26.244716754782658085787261370569;
3;-7.0120053004;-26.244716754782658085787261370569;
3;-7.0009676607;-26.244716754782658085787261370569;
3;-6.9900505217;-26.244716754782658085787261370569;
3;-6.9792512807;-26.244716754782658085787261370569;
3;-6.9685674184;-26.244716754782658085787261370569;
3;-6.9579964954;-26.244716754782658085787261370569;
3;-6.9475361490;-26.244716754782658085787261370569;
3;-6.9371840897;-26.244716754782658085787261370569;
3;-6.9269380984;-26.244716754782658085787261370569;
3;-6.9167960236;-26.244716754782658085787261370569;
3;-6.9067557786;-26.244716754782658085787261370569;
3;-6.8968153389;-26.244716754782658085787261370569;
3;-6.8869727398;-26.244716754782658085787261370569;
3;-6.8772260739;-26.244716754782658085787261370569;
3;-6.8675734893;-26.244716754782658085787261370569;
3;-6.8580131871;-26.244716754782658085787261370569;
3;-6.8485434194;-26.244716754782658085787261370569;
3;-6.8391624875;-26.244716754782658085787261370569;
3;-6.8298687403;-26.244716754782658085787261370569;
3;-6.8206605721;-26.244716754782658085787261370569;
3;-6.8115364212;-26.244716754782658085787261370569;
3;-6.8024947683;-26.244716754782658085787261370569;
3;-6.7935341349;-26.244716754782658085787261370569;
3;-6.7846530818;-26.244716754782658085787261370569;
3;-6.7758502081;-26.244716754782658085787261370569;
3;-6.7671241492;-26.244716754782658085787261370569;
3;-6.7584735763;-26.244716754782658085787261370569;
3;-6.7498971944;-26.244716754782658085787261370569;
3;-6.7413937418;-26.244716754782658085787261370569;
3;-6.7329619886;-26.244716754782658085787261370569;
3;-6.7246007359;-26.244716754782658085787261370569;
3;-6.7163088144;-26.244716754782658085787261370569;
3;-6.7080850839;-26.244716754782658085787261370569;
3;-6.6999284318;-26.244716754782658085787261370569;
3;-6.6918377728;-26.244716754782658085787261370569;
3;-6.6838120475;-26.244716754782658085787261370569;
3;-6.6758502220;-26.244716754782658085787261370569;
3;-6.6679512868;-26.244716754782658085787261370569;
3;-6.6601142561;-26.244716754782658085787261370569;
3;-6.6523381671;-26.244716754782658085787261370569;
3;-6.6446220795;-26.244716754782658085787261370569;
3;-6.6369650742;-26.244716754782658085787261370569;
3;-6.6293662534;-26.244716754782658085787261370569;
3;-6.6218247396;-26.244716754782658085787261370569;
3;-6.6143396747;-26.244716754782658085787261370569;
3;-6.6069102200;-26.244716754782658085787261370569;
3;-6.5995355553;-26.244716754782658085787261370569;
3;-6.5922148784;-26.244716754782658085787261370569;
3;-6.5849474046;-26.244716754782658085787261370569;
3;-6.5777323660;-26.244716754782658085787261370569;
3;-6.5705690116;-26.244716754782658085787261370569;
3;-6.5634566061;-26.244716754782658085787261370569;
3;-6.5563944299;-26.244716754782658085787261370569;
3;-6.5493817784;-26.244716754782658085787261370569;
3;-6.5424179620;-26.244716754782658085787261370569;
3;-6.5355023051;-26.244716754782658085787261370569;
3;-6.5286341462;-26.244716754782658085787261370569;
3;-6.5218128374;-26.244716754782658085787261370569;
3;-6.5150377437;-26.244716754782658085787261370569;
3;-6.5083082432;-26.244716754782658085787261370569;
3;-6.5016237263;-26.244716754782658085787261370569;
3;-6.4949835957;-26.244716754782658085787261370569;
3;-6.4883872657;-26.244716754782658085787261370569;
3;-6.4818341623;-26.244716754782658085787261370569;
3;-6.4753237226;-26.244716754782658085787261370569;
3;-6.4688553948;-26.244716754782658085787261370569;
3;-6.4624286374;-26.244716754782658085787261370569;
3;-6.4560429197;-26.244716754782658085787261370569;
3;-6.4496977208;-26.244716754782658085787261370569;
3;-6.4433925296;-26.244716754782658085787261370569;
3;-6.4371268450;-26.244716754782658085787261370569;
3;-6.4309001748;-26.244716754782658085787261370569;
3;-6.4247120362;-26.244716754782658085787261370569;
3;-6.4185619553;-26.244716754782658085787261370569;
3;-6.4124494669;-26.244716754782658085787261370569;
3;-6.4063741140;-26.244716754782658085787261370569;
3;-6.4003354484;-26.244716754782658085787261370569;
3;-6.3943330294;-26.244716754782658085787261370569;
3;-6.3883664246;-26.244716754782658085787261370569;
3;-6.3824352091;-26.244716754782658085787261370569;
3;-6.3765389656;-26.244716754782658085787261370569;
3;-6.3706772841;-26.244716754782658085787261370569;
3;-6.3648497618;-26.244716754782658085787261370569;
3;-6.3590560028;-26.244716754782658085787261370569;
3;-6.3532956182;-26.244716754782658085787261370569;
3;-6.3475682257;-26.244716754782658085787261370569;
3;-6.3418734495;-26.244716754782658085787261370569;
3;-6.3362109202;-26.244716754782658085787261370569;
3;-6.3305802747;-26.244716754782658085787261370569;
3;-6.3249811559;-26.244716754782658085787261370569;
3;-6.3194132128;-26.244716754782658085787261370569;
3;-6.3138761001;-26.244716754782658085787261370569;
3;-6.3083694782;-26.244716754782658085787261370569;
3;-6.3028930133;-26.244716754782658085787261370569;
3;-6.2974463767;-26.244716754782658085787261370569;
3;-6.2920292454;-26.244716754782658085787261370569;
3;-6.2866413013;-26.244716754782658085787261370569;
3;-6.2812822317;-26.244716754782658085787261370569;
3;-6.2759517287;-26.244716754782658085787261370569;
3;-6.2706494893;-26.244716754782658085787261370569;
3;-6.2653752155;-26.244716754782658085787261370569;
3;-6.2601286137;-26.244716754782658085787261370569;
3;-6.2549093952;-26.244716754782658085787261370569;
3;-6.2497172755;-25.551569574222710912181355524808;
3;-6.2445519748;-25.551569574222710912181355524808;
3;-6.2394132173;-25.551569574222710912181355524808;
3;-6.2343007318;-25.551569574222710912181355524808;
3;-6.2292142508;-25.551569574222710912181355524808;
3;-6.2241535113;-25.551569574222710912181355524808;
3;-6.2191182539;-25.551569574222710912181355524808;
3;-6.2141082234;-25.551569574222710912181355524808;
4;-11.4176152852;-inf;
4;-10.7709881202;-inf;
4;-10.3815233535;-inf;
4;-10.1019384913;-inf;
4;-9.8836849252;-inf;
4;-9.7046366938;-inf;
4;-9.5528306809;-inf;
4;-9.4210614033;-inf;
4;-9.3046510514;-inf;
4;-9.2003900411;-inf;
4;-9.1059803567;-inf;
4;-9.0197200124;-inf;
4;-8.9403132348;-inf;
4;-8.8667506676;-inf;
4;-8.7982307211;-inf;
4;-8.7341061930;-inf;
4;-8.6738470015;-inf;
4;-8.6170135267;-inf;
4;-8.5632371299;-inf;
4;-8.5122056499;-inf;
4;-8.4636524245;-inf;
4;-8.4173478564;-inf;
4;-8.3730928474;-inf;
4;-8.3307136245;-inf;
4;-8.2900576188;-inf;
4;-8.2509901506;-inf;
4;-8.2133917371;-inf;
4;-8.1771558886;-inf;
4;-8.1421872908;-inf;
4;-8.1084002932;-inf;
4;-8.0757176458;-inf;
4;-8.0440694348;-inf;
4;-8.0133921826;-inf;
4;-7.9836280807;-inf;
4;-7.9547243345;-inf;
4;-7.9266325996;-inf;
4;-7.8993084954;-inf;
4;-7.8727111828;-inf;
4;-7.8468029980;-inf;
4;-7.8215491307;-inf;
4;-7.7969173435;-inf;
4;-7.7728777243;-inf;
4;-7.7494024679;-inf;
4;-7.7264656825;-inf;
4;-7.7040432185;-inf;
4;-7.6821125150;-inf;
4;-7.6606524639;-inf;
4;-7.6396432879;-inf;
4;-7.6190664302;-inf;
4;-7.5989044569;-inf;
4;-7.5791409678;-inf;
4;-7.5597605162;-inf;
4;-7.5407485367;-inf;
4;-7.5220912791;-inf;
4;-7.5037757488;-inf;
4;-7.4857896524;-inf;
4;-7.4681213483;-inf;
4;-7.4507598011;-inf;
4;-7.4336945406;-inf;
4;-7.4169156234;-inf;
4;-7.4004135988;-inf;
4;-7.3841794760;-inf;
4;-7.3682046954;-inf;
4;-7.3524811010;-inf;
4;-7.3370009158;-inf;
4;-7.3217567181;-inf;
4;-7.3067414210;-inf;
4;-7.2919482518;-inf;
4;-7.2773707342;-inf;
4;-7.2630026709;-inf;
4;-7.2488381282;-inf;
4;-7.2348714207;-inf;
4;-7.2210970982;-inf;
4;-7.2075099327;-inf;
4;-7.1941049062;-inf;
4;-7.1808772001;-inf;
4;-7.1678221844;-inf;
4;-7.1549354081;-inf;
4;-7.1422125902;-inf;
4;-7.1296496109;-inf;
4;-7.1172425038;-inf;
4;-7.1049874485;-inf;
4;-7.0928807631;-inf;
4;-7.0809188980;-inf;
4;-7.0690984294;-inf;
4;-7.0574160535;-inf;
4;-7.0458685811;-inf;
4;-7.0344529320;-inf;
4;-7.0231661305;-inf;
4;-7.0120053004;-inf;
4;-7.0009676607;-inf;
4;-6.9900505217;-inf;
4;-6.9792512807;-inf;
4;-6.9685674184;-inf;
4;-6.9579964954;-inf;
4;-6.9475361490;-inf;
4;-6.9371840897;-inf;
4;-6.9269380984;-inf;
4;-6.9167960236;-inf;
4;-6.9067557786;-inf;
4;-6.8968153389;-inf;
4;-6.8869727398;-inf;
4;-6.8772260739;-inf;
4;-6.8675734893;-inf;
4;-6.8580131871;-inf;
4;-6.8485434194;-inf;
4;-6.8391624875;-inf;
4;-6.8298687403;-inf;
4;-6.8206605721;-inf;
4;-6.8115364212;-inf;
4;-6.8024947683;-inf;
4;-6.7935341349;-inf;
4;-6.7846530818;-inf;
4;-6.7758502081;-inf;
4;-6.7671241492;-inf;
4;-6.7584735763;-inf;
4;-6.7498971944;-inf;
4;-6.7413937418;-inf;
4;-6.7329619886;-inf;
4;-6.7246007359;-inf;
4;-6.7163088144;-inf;
4;-6.7080850839;-inf;
4;-6.6999284318;-inf;
4;-6.6918377728;-inf;
4;-6.6838120475;-inf;
4;-6.6758502220;-inf;
4;-6.6679512868;-inf;
4;-6.6601142561;-inf;
4;-6.6523381671;-inf;
4;-6.6446220795;-inf;
4;-6.6369650742;-inf;
4;-6.6293662534;-inf;
4;-6.6218247396;-inf;
4;-6.6143396747;-inf;
4;-6.6069102200;-inf;
4;-6.5995355553;-inf;
4;-6.5922148784;-inf;
4;-6.5849474046;-inf;
4;-6.5777323660;-inf;
4;-6.5705690116;-inf;
4;-6.5634566061;-inf;
4;-6.5563944299;-inf;
4;-6.5493817784;-inf;
4;-6.5424179620;-inf;
4;-6.5355023051;-inf;
4;-6.5286341462;-inf;
4;-6.5218128374;-inf;
4;-6.5150377437;-inf;
4;-6.5083082432;-inf;
4;-6.5016237263;-inf;
4;-6.4949835957;-inf;
4;-6.4883872657;-inf;
4;-6.4818341623;-inf;
4;-6.4753237226;-inf;
4;-6.4688553948;-inf;
4;-6.4624286374;-inf;
4;-6.4560429197;-inf;
4;-6.4496977208;-inf;
4;-6.4433925296;-inf;
4;-6.4371268450;-inf;
4;-6.4309001748;-inf;
4;-6.4247120362;-inf;
4;-6.4185619553;-inf;
4;-6.4124494669;-inf;
4;-6.4063741140;-inf;
4;-6.4003354484;-inf;
4;-6.3943330294;-inf;
4;-6.3883664246;-inf;
4;-6.3824352091;-inf;
4;-6.3765389656;-inf;
4;-6.3706772841;-inf;
4;-6.3648497618;-inf;
4;-6.3590560028;-inf;
4;-6.3532956182;-inf;
4;-6.3475682257;-inf;
4;-6.3418734495;-inf;
4;-6.3362109202;-inf;
4;-6.3305802747;-inf;
4;-6.3249811559;-inf;
4;-6.3194132128;-inf;
4;-6.3138761001;-inf;
4;-6.3083694782;-inf;
4;-6.3028930133;-inf;
4;-6.2974463767;-inf;
4;-6.2920292454;-inf;
4;-6.2866413013;-inf;
4;-6.2812822317;-inf;
4;-6.2759517287;-inf;
4;-6.2706494893;-inf;
4;-6.2653752155;-inf;
4;-6.2601286137;-inf;
4;-6.2549093952;-inf;
4;-6.2497172755;-inf;
4;-6.2445519748;-inf;
4;-6.2394132173;-inf;
4;-6.2343007318;-inf;
4;-6.2292142508;-inf;
4;-6.2241535113;-inf;
4;-6.2191182539;-inf;
4;-6.2141082234;-inf;
5;-11.4176152852;-inf;
5;-10.7709881202;-inf;
5;-10.3815233535;-inf;
5;-10.1019384913;-inf;
5;-9.8836849252;-inf;
5;-9.7046366938;-inf;
5;-9.5528306809;-inf;
5;-9.4210614033;-inf;
5;-9.3046510514;-inf;
5;-9.2003900411;-inf;
5;-9.1059803567;-inf;
5;-9.0197200124;-inf;
5;-8.9403132348;-inf;
5;-8.8667506676;-inf;
5;-8.7982307211;-inf;
5;-8.7341061930;-inf;
5;-8.6738470015;-inf;
5;-8.6170135267;-inf;
5;-8.5632371299;-inf;
5;-8.5122056499;-inf;
5;-8.4636524245;-inf;
5;-8.4173478564;-inf;
5;-8.3730928474;-inf;
5;-8.3307136245;-inf;
5;-8.2900576188;-inf;
5;-8.2509901506;-inf;
5;-8.2133917371;-inf;
5;-8.1771558886;-inf;
5;-8.1421872908;-inf;
5;-8.1084002932;-inf;
5;-8.0757176458;-inf;
5;-8.0440694348;-inf;
5;-8.0133921826;-inf;
5;-7.9836280807;-inf;
5;-7.9547243345;-inf;
5;-7.9266325996;-inf;
5;-7.8993084954;-inf;
5;-7.8727111828;-inf;
5;-7.8468029980;-inf;
5;-7.8215491307;-inf;
5;-7.7969173435;-inf;
5;-7.7728777243;-inf;
5;-7.7494024679;-inf;
5;-7.7264656825;-inf;
5;-7.7040432185;-inf;
5;-7.6821125150;-inf;
5;-7.6606524639;-inf;
5;-7.6396432879;-inf;
5;-7.6190664302;-inf;
5;-7.5989044569;-inf;
5;-7.5791409678;-inf;
5;-7.5597605162;-inf;
5;-7.5407485367;-inf;
5;-7.5220912791;-inf;
5;-7.5037757488;-inf;
5;-7.4857896524;-inf;
5;-7.4681213483;-inf;
5;-7.4507598011;-inf;
5;-7.4336945406;-inf;
5;-7.4169156234;-inf;
5;-7.4004135988;-inf;
5;-7.3841794760;-inf;
5;-7.3682046954;-inf;
5;-7.3524811010;-inf;
5;-7.3370009158;-inf;
5;-7.3217567181;-inf;
5;-7.3067414210;-inf;
5;-7.2919482518;-inf;
5;-7.2773707342;-inf;
5;-7.2630026709;-inf;
5;-7.2488381282;-inf;
5;-7.2348714207;-inf;
5;-7.2210970982;-inf;
5;-7.2075099327;-inf;
5;-7.1941049062;-inf;
5;-7.1808772001;-inf;
5;-7.1678221844;-inf;
5;-7.1549354081;-inf;
5;-7.1422125902;-inf;
5;-7.1296496109;-inf;
5;-7.1172425038;-inf;
5;-7.1049874485;-inf;
5;-7.0928807631;-inf;
5;-7.0809188980;-inf;
5;-7.0690984294;-inf;
5;-7.0574160535;-inf;
5;-7.0458685811;-inf;
5;-7.0344529320;-inf;
5;-7.0231661305;-inf;
5;-7.0120053004;-inf;
5;-7.0009676607;-inf;
5;-6.9900505217;-inf;
5;-6.9792512807;-inf;
5;-6.9685674184;-inf;
5;-6.9579964954;-inf;
5;-6.9475361490;-inf;
5;-6.9371840897;-inf;
5;-6.9269380984;-inf;
5;-6.9167960236;-inf;
5;-6.9067557786;-inf;
5;-6.8968153389;-inf;
5;-6.8869727398;-inf;
5;-6.8772260739;-inf;
5;-6.8675734893;-inf;
5;-6.8580131871;-inf;
5;-6.8485434194;-inf;
5;-6.8391624875;-inf;
5;-6.8298687403;-inf;
5;-6.8206605721;-inf;
5;-6.8115364212;-inf;
5;-6.8024947683;-inf;
5;-6.7935341349;-inf;
5;-6.7846530818;-inf;
5;-6.7758502081;-inf;
5;-6.7671241492;-inf;
5;-6.7584735763;-inf;
5;-6.7498971944;-inf;
5;-6.7413937418;-inf;
5;-6.7329619886;-inf;
5;-6.7246007359;-inf;
5;-6.7163088144;-inf;
5;-6.7080850839;-inf;
5;-6.6999284318;-inf;
5;-6.6918377728;-inf;
5;-6.6838120475;-inf;
5;-6.6758502220;-inf;
5;-6.6679512868;-inf;
5;-6.6601142561;-inf;
5;-6.6523381671;-inf;
5;-6.6446220795;-inf;
5;-6.6369650742;-inf;
5;-6.6293662534;-inf;
5;-6.6218247396;-inf;
5;-6.6143396747;-inf;
5;-6.6069102200;-inf;
5;-6.5995355553;-inf;
5;-6.5922148784;-inf;
5;-6.5849474046;-inf;
5;-6.5777323660;-inf;
5;-6.5705690116;-inf;
5;-6.5634566061;-inf;
5;-6.5563944299;-inf;
5;-6.5493817784;-inf;
5;-6.5424179620;-inf;
5;-6.5355023051;-inf;
5;-6.5286341462;-inf;
5;-6.5218128374;-inf;
5;-6.5150377437;-inf;
5;-6.5083082432;-inf;
5;-6.5016237263;-inf;
5;-6.4949835957;-inf;
5;-6.4883872657;-inf;
5;-6.4818341623;-inf;
5;-6.4753237226;-inf;
5;-6.4688553948;-inf;
5;-6.4624286374;-inf;
5;-6.4560429197;-inf;
5;-6.4496977208;-inf;
5;-6.4433925296;-inf;
5;-6.4371268450;-inf;
5;-6.4309001748;-inf;
5;-6.4247120362;-inf;
5;-6.4185619553;-inf;
5;-6.4124494669;-inf;
5;-6.4063741140;-inf;
5;-6.4003354484;-inf;
5;-6.3943330294;-inf;
5;-6.3883664246;-inf;
5;-6.3824352091;-inf;
5;-6.3765389656;-inf;
5;-6.3706772841;-inf;
5;-6.3648497618;-inf;
5;-6.3590560028;-inf;
5;-6.3532956182;-inf;
5;-6.3475682257;-inf;
5;-6.3418734495;-inf;
5;-6.3362109202;-inf;
5;-6.3305802747;-inf;
5;-6.3249811559;-inf;
5;-6.3194132128;-inf;
5;-6.3138761001;-inf;
5;-6.3083694782;-inf;
5;-6.3028930133;-inf;
5;-6.2974463767;-inf;
5;-6.2920292454;-inf;
5;-6.2866413013;-inf;
5;-6.2812822317;-inf;
5;-6.2759517287;-inf;
5;-6.2706494893;-inf;
5;-6.2653752155;-inf;
5;-6.2601286137;-inf;
5;-6.2549093952;-inf;
5;-6.2497172755;-inf;
5;-6.2445519748;-inf;
5;-6.2394132173;-inf;
5;-6.2343007318;-inf;
5;-6.2292142508;-inf;
5;-6.2241535113;-inf;
5;-6.2191182539;-inf;
5;-6.2141082234;-inf;
